Log Likelihood = -26459.1246521439;
R=0.2213737621436691
treeScaler=2.344811562208855
