Log Likelihood = -12201.3523562949;
R=0.2548891212153934
treeScaler=2.034159937292128
