Log Likelihood = -14647.2420798256;
R=0.172719970707816
treeScaler=2.626784528369661
