Log Likelihood = -29689.7109076186;
R=0.2168304589709948
treeScaler=2.385754264822916
