Log Likelihood = -15935.8795384361;
R=0.2411309299045084
treeScaler=2.138594491041904
