Log Likelihood = -4833.88224181906;
R=0.2418024274780308
treeScaler=2.030630487646363
