Log Likelihood = -14878.710743649;
R=0.1730609793600844
treeScaler=2.630051262661091
