Log Likelihood = -25326.7615550431;
R=0.2216497507672065
treeScaler=2.320483573327012
