Log Likelihood = -15400.4912939892;
R=0.1699083863091934
treeScaler=2.671415322823816
