Log Likelihood = -29091.4510836251;
R=0.2163965074338684
treeScaler=2.397093613807366
