Log Likelihood = -26847.7355173049;
R=0.2234542072181548
treeScaler=2.338491938613109
