Log Likelihood = -21666.6389265566;
R=0.2261799767928363
treeScaler=2.254378027624209
