Log Likelihood = -25795.9909253036;
R=0.2205797124688489
treeScaler=2.338470753516404
