Log Likelihood = -26201.7126481036;
R=0.2194454963980461
treeScaler=2.350239418400841
