Log Likelihood = -13569.4531283309;
R=0.172776497341102
treeScaler=2.612841249224859
