Log Likelihood = -9433.98354283937;
R=0.2463036645421782
treeScaler=2.119157043657598
