Log Likelihood = -6841.51149269082;
R=0.2541294853316163
treeScaler=2.060720220075354
