Log Likelihood = -17800.3986060164;
R=0.1729479408791836
treeScaler=2.686898425794512
