Log Likelihood = -11573.025430423;
R=0.1763270581618048
treeScaler=2.554103703436115
