Log Likelihood = -3540.66001402772;
R=0.2830007556463077
treeScaler=1.888256357373939
