Log Likelihood = -25996.4106466224;
R=0.2212964458827308
treeScaler=2.341028753111825
