Log Likelihood = -27937.7529343627;
R=0.2208545463479725
treeScaler=2.363581820618387
