Log Likelihood = -15511.638372234;
R=0.1716611721027853
treeScaler=2.666336837906737
