Log Likelihood = -24273.2751653953;
R=0.219472398096202
treeScaler=2.404961707267809
