Log Likelihood = -28150.7810527983;
R=0.2211948220128513
treeScaler=2.35987958903705
