Log Likelihood = -26999.2936517453;
R=0.2201181171237264
treeScaler=2.354560514183246
