Log Likelihood = -8390.97640669033;
R=0.2451396726067044
treeScaler=1.959143344534851
