Log Likelihood = -29917.5601325826;
R=0.2150096425753165
treeScaler=2.402914562969904
