Log Likelihood = -7076.32083601557;
R=0.2544346449876387
treeScaler=1.907748779029627
