Log Likelihood = -25711.8666077092;
R=0.2225231670234389
treeScaler=2.320536628959102
