Log Likelihood = -26649.8139660223;
R=0.2218659049343095
treeScaler=2.342889587580849
