Log Likelihood = -24102.3388471818;
R=0.2203031014109941
treeScaler=2.310900889104881
