Log Likelihood = -3607.67300371319;
R=0.3038325064279432
treeScaler=1.608159191081141
