Log Likelihood = -25994.4529914251;
R=0.2208254734464609
treeScaler=2.336216386951791
