Log Likelihood = -26432.2229003764;
R=0.2210609265193303
treeScaler=2.343032532223613
