Log Likelihood = -23058.4005235452;
R=0.2244563266121169
treeScaler=2.281653548322894
