Log Likelihood = -9741.50048282508;
R=0.2438514492127698
treeScaler=1.997034531202114
