Log Likelihood = -24889.3105389287;
R=0.2173380417052184
treeScaler=2.333894904093297
