Log Likelihood = -26234.7811003741;
R=0.2225601490179576
treeScaler=2.334709956741067
