Log Likelihood = -19537.1126014173;
R=0.2342854024072866
treeScaler=2.191816561894169
