Log Likelihood = -29341.2575884053;
R=0.2177906916906371
treeScaler=2.38986006667646
