Log Likelihood = -30059.8005893982;
R=0.2141982188816344
treeScaler=2.405677525783949
