Log Likelihood = -15984.0757073755;
R=0.2426349748127292
treeScaler=2.128645113720582
