Log Likelihood = -4913.18613123334;
R=0.2436797897742687
treeScaler=1.804040175338433
