Log Likelihood = -25351.9497700581;
R=0.2224550730092019
treeScaler=2.317088278428356
