Log Likelihood = -12232.3623157643;
R=0.2578583754578728
treeScaler=2.015274293437392
