Log Likelihood = -25525.6800707459;
R=0.221560029023633
treeScaler=2.322089185703967
