Log Likelihood = -21748.5361336492;
R=0.2285923001108583
treeScaler=2.24556753846892
