Log Likelihood = -25501.4160590384;
R=0.2215092314607559
treeScaler=2.323653795970184
