Log Likelihood = -29830.0940480063;
R=0.2168449933180282
treeScaler=2.387034661866731
