Log Likelihood = -22967.3463560367;
R=0.2219985365663719
treeScaler=2.291992225076998
