Log Likelihood = -25125.2303496619;
R=0.2206686248134193
treeScaler=2.323155220685389
