Log Likelihood = -14149.8079396956;
R=0.1718729624116401
treeScaler=2.625393747052636
