Log Likelihood = -18356.9232041126;
R=0.1748162225185073
treeScaler=2.681469754422199
