Log Likelihood = -23597.4414283535;
R=0.2155433493632211
treeScaler=2.41431139309153
