Log Likelihood = -8102.20791507334;
R=0.2482084767484903
treeScaler=2.1080881729738
