Log Likelihood = -3636.17769121505;
R=0.1911937983213782
treeScaler=2.336348066101461
