Log Likelihood = -25240.9883579052;
R=0.2205810398745644
treeScaler=2.325248221657644
