Log Likelihood = -23889.0215387298;
R=0.2189674776688214
treeScaler=2.315768358715743
