Log Likelihood = -15039.1565046248;
R=0.172194270299852
treeScaler=2.643345193692463
