Log Likelihood = -7597.7898202293;
R=0.1751330716768991
treeScaler=2.512056744462766
