Log Likelihood = -12840.285691254;
R=0.1739843232872806
treeScaler=2.594381626343349
