Log Likelihood = -9589.91074250767;
R=0.1792932020854915
treeScaler=2.517660275436527
