Log Likelihood = -15163.3395280537;
R=0.1691340835965528
treeScaler=2.668946489952365
