Log Likelihood = -15691.240089998;
R=0.1710357412767511
treeScaler=2.675567799039399
