Log Likelihood = -6282.10368772661;
R=0.1854925962904473
treeScaler=2.431310654316372
