Log Likelihood = -5316.42435029058;
R=0.1817109002982849
treeScaler=2.42624784647737
