Log Likelihood = -17006.5854481565;
R=0.1717023544596877
treeScaler=2.683659862897068
