Log Likelihood = -15829.5819178507;
R=0.1705480943858277
treeScaler=2.679889725078952
