Log Likelihood = -16127.2572598617;
R=0.172870892711442
treeScaler=2.663458107108347
