Log Likelihood = -18304.317098542;
R=0.1745579732356414
treeScaler=2.68638222651694
