Log Likelihood = -15031.4358934021;
R=0.1693146363007011
treeScaler=2.659478881019822
