Log Likelihood = -2666.56609612848;
R=0.1354637362882565
treeScaler=2.680903330715768
