Log Likelihood = -19495.6134760134;
R=0.234089803092192
treeScaler=2.193987411288987
