Log Likelihood = -4624.9936107657;
R=0.1875118033854692
treeScaler=2.377212143658116
